Fisheye 160: 
DIM=(640, 480)
K=np.array([[395.2474957410931, 0.0, 313.5019461730335], 
	    [0.0, 527.3954916199217, 196.37742657771022], 
	    [0.0, 0.0, 1.0]])
D=np.array([[-0.03798599445910202], 
	    [0.020273631739096985], 
	    [-0.00890488243952009], 
	    [-0.03915599454217283]])
rvec = [array([[ 0.24626875],
       [ 0.54179845],
       [-1.64934066]]), array([[ 0.03752385],
       [-0.67265074],
       [ 0.01721047]]), array([[-0.28446801],
       [ 0.53515842],
       [-1.84825541]]), array([[ 0.32959321],
       [ 0.06953817],
       [-1.49961101]]), array([[ 0.11749173],
       [ 0.28046043],
       [-2.28004597]]), array([[-0.00175369],
       [-0.04025559],
       [-1.38418659]]), array([[ 0.95744589],
       [-0.95989373],
       [-1.47638655]]), array([[-0.01567698],
       [ 0.59460993],
       [-1.0708075 ]]), array([[ 0.04858102],
       [ 0.33423881],
       [-1.55771231]]), array([[-0.19226152],
       [ 0.26828119],
       [ 2.23703693]]), array([[ 0.05599054],
       [-0.83556508],
       [-1.65261047]]), array([[ 0.21696675],
       [ 0.16437264],
       [-0.98986815]]), array([[-0.40428694],
       [ 0.80808113],
       [-1.07383056]]), array([[-0.19850778],
       [-0.54588018],
       [-1.302788  ]]), array([[-0.06213692],
       [ 0.8270603 ],
       [-1.86963541]]), array([[ 0.24200033],
       [ 0.93447034],
       [-1.52228329]]), array([[ 0.18478289],
       [ 1.04632145],
       [-1.32315098]])])
tvec = [array([[ -5.33542331],
       [  2.38916409],
       [ 16.52133919]]), array([[ -6.3053572 ],
       [ -1.66189742],
       [ 12.7172878 ]]), array([[  1.56538055],
       [  7.55383426],
       [ 15.34634394]]), array([[ -9.682005  ],
       [  2.81010234],
       [ 12.28161174]]), array([[ -2.09245645],
       [  6.03541422],
       [ 15.86689733]]), array([[ -3.84308115],
       [  2.81682598],
       [ 13.63460548]]), array([[-5.23721036],
       [ 3.61737709],
       [ 8.88933801]]), array([[ -6.86601702],
       [  1.31097391],
       [ 16.05341241]]), array([[ -3.18165759],
       [  4.04509743],
       [ 10.03463558]]), array([[  9.70889791],
       [  1.4904488 ],
       [ 12.52602722]]), array([[-3.21919054],
       [ 2.7377593 ],
       [ 6.90421618]]), array([[-11.38035879],
       [  3.05361054],
       [ 15.00071669]]), array([[ -2.32666407],
       [  0.48727537],
       [ 14.67943232]]), array([[-7.12104615],
       [ 1.889632  ],
       [ 8.55456155]]), array([[  2.78925967],
       [  3.52970896],
       [ 18.09153155]]), array([[ -1.42686053],
       [  1.73217985],
       [ 12.73743817]]), array([[ -4.54233669],
       [  0.98983526],
       [ 14.7970498 ]])])



