DIM=(640, 480)
K=np.array([[201.95595100062698, 0.0, 316.17036055884205], [0.0, 269.1985142213463, 244.43629445133766], [0.0, 0.0, 1.0]])
D=np.array([[0.0012627892991299012], [-0.04368051579563918], [0.04298551957904687], [-0.015434215126855132]])
('rvec ', [array([[-0.13868918],
       [-0.2587089 ],
       [-0.12553551]]), array([[ 0.05490653],
       [-0.31182369],
       [-0.10944518]]), array([[-0.09369505],
       [ 0.29513988],
       [ 1.28280804]]), array([[-0.05452087],
       [-0.8939786 ],
       [ 0.0657681 ]]), array([[-0.29038643],
       [-0.4698868 ],
       [-0.6317389 ]]), array([[-1.05181132],
       [-0.3998005 ],
       [-1.71038116]]), array([[ 0.11896363],
       [ 0.00881486],
       [ 1.29538075]]), array([[ 0.01734492],
       [ 0.01436688],
       [ 1.3392395 ]]), array([[ 0.12673943],
       [-0.07499754],
       [ 3.1296106 ]])])
('tvec ', [array([[-7.83063334],
       [-2.10312121],
       [ 7.54909703]]), array([[-7.67564817],
       [-4.61296747],
       [ 3.23458187]]), array([[ 0.57212103],
       [-3.64687841],
       [ 8.00576875]]), array([[-4.12591573],
       [-3.6493885 ],
       [ 4.64077064]]), array([[-10.96786174],
       [ -0.7520127 ],
       [  5.44140676]]), array([[-1.23864811],
       [ 5.37433602],
       [ 7.02986591]]), array([[ 0.149702  ],
       [-3.81554596],
       [ 8.45488653]]), array([[ 1.68734954],
       [-3.18627033],
       [ 5.48064367]]), array([[ 4.08867458],
       [ 3.85623618],
       [ 5.44686463]])])

